4294967294,0
4294967294,81
4294967294,202
4294967294,11
4294967294,68
4294967278,132
4294967278,131
4294967278,130
4294967278,129
4294967278,128
4294967278,127
4294967278,126
4294967278,125
4294967278,124
4294967278,123
4294967278,122
4294967278,121
4294967278,120
4294967278,119
4294967278,118
4294967278,117
4294967278,116
4294967278,115
4294967278,114
4294967278,113
4294967278,112
4294967278,111
4294967278,110
4294967278,109
4294967278,108
4294967278,107
4294967278,106
4294967278,105
4294967278,104
4294967278,103
4294967278,102
4294967278,101
4294967278,100
4294967278,99
4294967278,98
4294967278,97
4294967278,96
4294967278,95
4294967278,94
4294967278,93
4294967278,92
4294967278,91
4294967278,90
4294967278,89
4294967278,87
4294967278,86
4294967278,85
4294967278,84
4294967278,83
4294967278,82
4294967278,81
4294967278,80
4294967278,79
4294967278,78
4294967278,77
4294967278,76
4294967278,75
4294967278,74
4294967278,73
4294967278,72
4294967278,71
4294967278,70
4294967278,69
4294967278,68
4294967278,67
4294967278,66
4294967278,65
4294967278,64
4294967278,62
4294967278,61
4294967278,60
4294967278,59
4294967278,58
4294967278,57
4294967278,56
4294967278,55
4294967278,54
4294967278,53
4294967278,52
4294967278,51
4294967278,50
4294967278,49
4294967278,48
4294967278,47
4294967278,46
4294967278,45
4294967278,44
4294967278,43
4294967278,42
4294967278,41
4294967278,40
4294967278,39
4294967278,38
4294967278,37
4294967279,20
4294967279,17
4294967279,16
4294967279,11
4294967279,9
4294967279,8
4294967279,7
4294967279,6
4294967279,5
4294967279,4
4294967279,299
4294967278,63
4294967279,297
4294967294,30
4294967294,142
4294967294,141
4294967294,139
4294967294,138
4294967294,133
4294967294,1016
4294967294,992
4294967294,990
4294967294,989
4294967294,988
4294967294,987
4294967294,60
4294967294,12
0,5
4294967294,196
4294967294,1013
4294967294,1000
4294967294,997
4294967294,182
4294967294,173
4294967294,163
4294967294,162
4294967294,161
4294967294,7
4294967294,1414
4294967294,83
4294967293,131
4294967293,130
4294967293,129
4294967293,128
4294967293,127
4294967293,126
4294967293,125
4294967293,124
4294967293,123
4294967293,122
4294967293,121
4294967293,120
4294967293,119
4294967293,118
4294967293,117
4294967293,116
4294967293,115
4294967293,114
4294967293,113
4294967293,112
4294967293,111
4294967293,110
4294967293,109
4294967293,108
4294967293,107
4294967293,106
4294967293,105
4294967293,104
4294967293,103
4294967293,102
4294967293,101
4294967293,100
4294967293,99
4294967293,98
4294967293,97
4294967293,96
4294967293,95
4294967293,94
4294967293,93
4294967293,92
4294967293,91
4294967293,90
4294967293,89
4294967293,87
4294967293,86
4294967293,85
4294967293,84
4294967293,83
4294967293,82
4294967293,81
4294967293,80
4294967293,79
4294967293,78
4294967293,77
4294967293,76
4294967293,75
4294967293,74
4294967293,73
4294967293,72
4294967293,71
4294967293,70
4294967293,69
4294967293,68
4294967293,67
4294967293,66
4294967293,65
4294967293,64
4294967293,63
4294967293,62
4294967293,61
4294967293,60
4294967293,59
4294967293,58
4294967293,57
4294967293,56
4294967293,55
4294967293,54
4294967293,53
4294967293,52
4294967293,51
4294967293,50
4294967293,49
4294967293,48
4294967293,47
4294967293,46
4294967293,45
4294967293,44
4294967293,43
4294967293,42
4294967293,41
4294967293,40
4294967293,39
4294967293,38
4294967293,37
4294967293,36
4294967293,35
4294967293,34
4294967293,33
4294967293,32
4294967293,31
4294967293,30
4294967293,29
4294967293,28
4294967293,27
4294967293,26
4294967293,25
4294967293,24
4294967293,23
4294967293,22
4294967293,21
4294967293,20
4294967293,19
4294967293,18
4294967293,17
4294967293,16
4294967293,15
4294967293,14
4294967293,13
4294967293,12
4294967293,11
4294967293,10
4294967293,9
4294967293,8
4294967293,7
4294967293,6
4294967293,5
4294967293,4
4294967293,3
4294967278,2
4294967278,358
4294967279,63
4294967279,62
4294967279,61
4294967279,60
4294967279,58
4294967279,557
4294967279,54
4294967279,52
4294967279,51
4294967279,50
4294967279,49
4294967279,48
4294967279,47
4294967279,44
4294967279,42
4294967279,41
4294967279,40
4294967279,39
4294967279,38
4294967279,37
4294967279,36
4294967279,35
4294967279,33
4294967279,30
4294967279,28
4294967279,27
4294967279,26
4294967279,25
4294967279,23
4294967279,59
4294967279,57
4294967279,531
4294967279,56
4294967279,330
4294967279,55
4294967279,53
4294967279,165
4294967279,164
4294967279,163
119,6
119,5
4294967279,161
119,4
4294967278,160
119,3
119,2
119,1
4294967279,160
4294967279,46
4294967279,45
4294967279,156
4294967279,155
4294967279,43
4294967279,154
4294967279,153
4294967278,152
4294967279,151
4294967279,34
4294967278,147
4294967279,146
4294967279,288
4294967278,146
4294967279,145
4294967279,32
4294967279,31
4294967278,357
4294967294,398
4294967294,462
4294967294,410
4294967294,456
4294967294,405
4294967294,473
4294967279,29
4294967279,555
4294967278,139
4294967278,138
4294967279,272
116,5
4294967279,136
116,4
116,3
116,2
116,1
4294967279,135
4294967278,133
4294967279,329
4294967278,270
4294967294,198
4294967294,1010
4294967294,1012
4294967279,265
4294967279,328
4294967279,264
4294967279,554
114,6
114,5
114,4
114,3
114,2
114,1
4294967279,226
4294967279,174
4294967279,549
4294967279,546
4294967278,251
4294967279,327
4294967278,246
4294967278,247
4294967279,245
4294967278,236
111,6
111,5
111,4
111,3
111,2
111,1
4294967279,234
4294967278,231
4294967279,228
4294967278,227
4294967279,219
4294967279,217
4294967279,545
4294967294,1418
4294967278,321
4294967278,350
4294967278,205
4294967278,204
4294967279,543
108,6
108,5
108,4
108,3
108,2
108,1
4294967279,540
4294967278,317
4294967279,539
4294967278,344
4294967278,315
4294967279,193
4294967279,192
105,4
105,3
105,2
105,1
4294967278,181
104,6
104,5
4294967278,176
104,4
104,3
104,2
104,1
4294967279,298
4294967294,453
4294967294,164
4294967294,119
4294967294,457
4294967278,304
4294967278,171
103,5
103,4
103,3
103,2
103,1
4294967278,161
102,5
102,4
102,3
102,2
102,1
4294967278,298
101,5
101,4
101,3
101,2
101,1
4294967279,289
4294967279,141
99,4
4294967279,140
99,3
99,2
99,1
4294967279,139
4294967279,24
4294967279,268
4294967278,275
4294967279,520
4294967278,286
4294967278,354
4294967278,356
4294967278,282
4294967278,355
4294967278,263
4294967279,550
4294967279,102
4294967279,100
4294967279,99
4294967279,98
4294967279,97
4294967279,96
4294967279,95
4294967279,92
4294967279,90
4294967279,89
4294967279,87
4294967279,86
4294967279,85
